                                                          Cloudy 17.02
                                                         www.nublado.org

                       **************************************17Jun01**************************************
                       *                                                                                 *
                       * title model4                                                                    *
                       * set punch prefix "model4"                                                       *
                       * distance = 300000000.0 parsecs linear                                           *
                       * print last                                                                      *
                       * CMB redshift 0.2000000                                                          *
                       * CONSTANT TEMPERATURE 4.00000 K Log                                              *
                       * stop temperature = 10K  linear                                                  *
                       * table HM96  factor=-2                                                           *
                       * hden -2.5                                                                       *
                       * metals -1                                                                       *
                       * stop proton column density 15.500000                                            *
                       * no molecules                                                                    *
                       * iterate                                                                         *
                       * save last radius ".rad"                                                         *
                       * save last continuum ".cont"                                                     *
                       * save last physical conditions ".phy"                                            *
                       * save last overview ".ovr"                                                       *
                       * save last heating ".heat"                                                       *
                       * save last cooling ".cool"                                                       *
                       * save last optical depth ".opd"                                                  *
                       * save last element hydrogen ".ele_H"                                             *
                       * save last element oxygen ".ele_O"                                               *
                       * save last element carbon ".ele_C"                                               *
                       * save last lines emissivity ".emis"                                              *
                       *                                                                                 *
                       ***********************************************************************************




 NOTE: one of these comment characters was found in the input: //, %, *, or ;.
 Using these is deprecated and they will be removed in the next major release.
 Please convert your input deck using scripts/ccc.pl.

 NOTE Setcon: continuum has zero intensity starting at  1.7607e+02 Ryd.
   790 cells in the incident continuum have zero intensity.  Problems???

           8228CellPeak1.00E+00   Lo 3.04e-09=  29.98m   Hi-Con:7.13E+06 Ryd   E(hi):7.35E+06Ryd     E(hi):     100.00 MeV
           I(nu>1ryd):  -6.3548   Average nu:2.751E+00   I( X-ray):  -6.9652   I(BalC):  -6.0685     Phi(BalmrC):   4.9280
           phi(1.0-1.8): 3.6269   phi(1.8-4.0):  3.434   phi(4.0-20):  2.487   phi(20--):  2.025     Ion pht flx:7.366E+03
           I(gam ray):   0.0000   phi(gam r):   0.0000   I(Infred):  -1.5861   Alf(ox):  -1.4558     Total inten:  -1.5861
           U(1.0----):7.770E-05   U(4.0----):4.355E-06   T(En-Den):3.270E+00   T(Comp):1.676E+01     nuJnu(912A):2.146E-07
           Occ(FarIR):6.802E+03   Occ(H n=6):8.285E-18   Occ(1Ryd):9.898E-24   Occ(4R):1.328E-26     Occ (Nu-hi):0.000E+00
           Tbr(FarIR):3.270E+00   Tbr(H n=6):3.628E-14   Tbr(1Ryd):1.562E-18   Tbr(4R):8.397E-21     Tbr (Nu-hi):0.000E+00
  
                                                  Gas Phase Chemical Composition
        H :  0.0000  He: -1.0000  Li: -9.6904  Be:-11.5800  B :-10.2097  C : -4.6108  N : -5.0701  O : -4.3098  F : -8.5200
        Ne: -5.0000  Na: -6.6696  Mg: -5.4597  Al: -6.5302  Si: -5.4597  P : -7.4949  S : -5.7352  Cl: -7.7190  Ar: -6.6003
        K : -7.8794  Ca: -6.6402  Sc: -9.8297  Ti: -7.9788  V : -9.0000  Cr: -7.3298  Mn: -7.5406  Fe: -5.5498  Co: -8.0799
                                               Ni: -6.7496  Cu: -8.7905  Zn: -8.4001
 
WARNING: no exact matching lines found for "N  3" 989.107A
Taking best match as "N  3      989.799A"
Possible ambiguity with "N  3      991.000A"
Possible ambiguity with "N  3      991.511A"
Possible ambiguity with "N  3      991.577A"
Possible ambiguity with "N  3      979.969A"
Possible ambiguity with "N  3      979.905A"
Possible ambiguity with "N  3      979.900A"
Possible ambiguity with "N  3      979.832A"
Possible ambiguity with "N  3      979.768A"
WARNING: no exact matching lines found for "N  5" 1238.16A
Taking best match as "N  5      1238.82A"
Possible ambiguity with "N  5      1242.80A"
WARNING: no exact matching lines found for "N  5" 1242.08A
Taking best match as "N  5      1242.80A"
Possible ambiguity with "N  5      1238.82A"
 ####  1  Te:1.000E+04 Hden:3.162E-03 Ne:3.211E-03 R:1.000E+30 R-R0:2.500E+16 dR:5.000E+16 NTR:  1 Htot:3.473E-29 T912: 7.71e-05###
 Hydrogen      7.68e-02 9.23e-01 H+o/Hden 1.00e+00 0.00e+00 H-    H2 0.00e+00 0.00e+00 H2+ HeH+ 0.00e+00 Ho+ ColD 1.21e+13 1.46e+14
 Helium        1.01e-01 8.78e-01 2.07e-02 HeI 2s3S 4.55e-12 Comp H,C 6.26e-37 3.74e-34 Fill Fac 1.00e+00 Gam1/tot 1.00e+00
 He singlet n  1.01e-01 5.95e-19 7.93e-25 3.43e-25 4.60e-25 5.86e-25 He tripl 4.55e-12 3.97e-23 9.96e-25 8.34e-24 1.66e-24
 Pressure      NgasTgas 6.69e+01 P(total) 9.24e-15 P( gas ) 9.24e-15 P(Radtn) 0.00e+00 Rad accl 3.83e-12 ForceMul 1.53e+01
 Texc(La)      2.35e+03 T(I con) 3.27e+00 T(D con) 1.18e-02 T(U tot) 3.27e+00 nT (c+d) 7.93e+05 Prad/Gas 0.00e+00 Pmag/Gas 0.00e+00
 Lithium       2.90e-03 9.97e-01 2.30e-04 0.00e+00 Berylliu 3.25e-01 3.49e-01 3.25e-01 1.17e-03 0.00e+00 sec ion: 1.98e-19
 Boron         7.74e-03 8.51e-01 1.29e-01 1.25e-02 0.00e+00 0.00e+00
 Carbon        1.64e-02 6.74e-01 3.10e-01 2.11e-04 1.33e-05 6.93e-11 0.00e+00 H2O+/O   0.00e+00 OH+/Otot 0.00e+00 Hex(tot) 0.00e+00
 Nitrogen      3.61e-02 9.19e-01 4.51e-02 5.86e-05 0.00e+00 0.00e+00 0.00e+00 0.00e+00 O2/Ototl 0.00e+00 O2+/Otot 0.00e+00
 Oxygen        8.87e-02 8.68e-01 4.38e-02 3.26e-05 1.23e-06 0.00e+00 0.00e+00 0.00e+00 0.00e+00
 Fluorine      1.05e-02 5.22e-01 4.67e-01 1.27e-04 9.39e-06 0.00e+00 0.00e+00 0.00e+00 0.00e+00 0.00e+00
 Neon          1.01e-02 4.45e-01 5.44e-01 2.92e-04 0.00e+00 0.00e+00 0.00e+00 0.00e+00 0.00e+00 0.00e+00 0.00e+00
 Sodium        3.61e-04 5.80e-01 4.20e-01 5.31e-04 7.73e-06 0.00e+00 0.00e+00 0.00e+00 0.00e+00 0.00e+00 0.00e+00 0.00e+00
 Magnesium     2.76e-02 4.54e-01 5.18e-01 2.66e-04 0.00e+00 0.00e+00 0.00e+00 0.00e+00 0.00e+00 0.00e+00 0.00e+00 0.00e+00 0.00e+00
 Aluminium  0  5.94e-04 8.56e-01 6.99e-02 7.34e-02 1.60e-04 0.00e+00 0.00e+00 0.00e+00 0.00e+00 0.00e+00 0.00e+00 0.00e+00 0.00e+00
 Silicon    0  2.77e-03 8.33e-01 1.61e-01 3.39e-03 5.30e-05 0.00e+00 0.00e+00 0.00e+00 0.00e+00 0.00e+00 0.00e+00 0.00e+00 0.00e+00
 Phosphorus 0  1.24e-03 8.85e-01 1.10e-01 3.81e-03 4.61e-05 1.69e-06 0.00e+00 0.00e+00 0.00e+00 0.00e+00 0.00e+00 0.00e+00 0.00e+00
 Sulphur    0  4.92e-03 6.66e-01 3.28e-01 8.82e-04 4.88e-05 2.90e-06 0.00e+00 0.00e+00 0.00e+00 0.00e+00 0.00e+00 0.00e+00 0.00e+00
 Chlorine   0  8.79e-04 6.34e-01 3.64e-01 1.08e-03 3.84e-05 2.22e-06 0.00e+00 0.00e+00 0.00e+00 0.00e+00 0.00e+00 0.00e+00 0.00e+00
 Argon      0  3.32e-03 1.92e-01 8.04e-01 8.96e-04 6.64e-05 3.76e-06 0.00e+00 0.00e+00 0.00e+00 0.00e+00 0.00e+00 0.00e+00 0.00e+00
 Potassium  0  1.03e-04 7.29e-01 2.70e-01 3.13e-04 4.91e-04 1.11e-06 0.00e+00 0.00e+00 0.00e+00 0.00e+00 0.00e+00 0.00e+00 0.00e+00
 Calcium    0  2.07e-03 4.37e-01 5.54e-01 6.35e-03 8.14e-05 2.61e-06 0.00e+00 0.00e+00 0.00e+00 0.00e+00 0.00e+00 0.00e+00 0.00e+00
 Scandium   0  4.25e-04 1.48e-01 4.65e-01 3.86e-01 1.49e-03 9.56e-06 0.00e+00 0.00e+00 0.00e+00 0.00e+00 0.00e+00 0.00e+00 0.00e+00
 Titanium   0  7.19e-05 4.02e-01 5.63e-01 3.32e-02 1.06e-03 2.45e-06 0.00e+00 0.00e+00 0.00e+00 0.00e+00 0.00e+00 0.00e+00 0.00e+00
 Vanadium   0  1.61e-03 2.24e-01 7.63e-01 8.44e-03 2.44e-03 3.60e-06 0.00e+00 0.00e+00 0.00e+00 0.00e+00 0.00e+00 0.00e+00 0.00e+00
 Chromium   0  1.23e-03 2.19e-01 7.75e-01 4.03e-03 6.33e-04 9.91e-06 1.15e-06 0.00e+00 0.00e+00 0.00e+00 0.00e+00 0.00e+00 0.00e+00
 Manganese  0  6.03e-05 3.22e-01 6.74e-01 2.93e-03 1.01e-03 1.82e-05 1.57e-06 0.00e+00 0.00e+00 0.00e+00 0.00e+00 0.00e+00 0.00e+00
 Iron       0  1.06e-04 4.78e-01 5.11e-01 1.11e-02 1.18e-04 1.31e-05 0.00e+00 0.00e+00 0.00e+00 0.00e+00 0.00e+00 0.00e+00 0.00e+00
 Cobalt     0  2.54e-02 8.86e-01 8.68e-02 1.75e-03 3.10e-04 3.82e-06 0.00e+00 0.00e+00 0.00e+00 0.00e+00 0.00e+00 0.00e+00 0.00e+00
 Nickel     0  2.47e-04 9.22e-01 7.75e-02 5.10e-04 7.73e-05 2.81e-06 0.00e+00 0.00e+00 0.00e+00 0.00e+00 0.00e+00 0.00e+00 0.00e+00
 Copper     0  5.10e-03 2.09e-01 7.82e-01 4.24e-03 5.02e-05 1.08e-05 0.00e+00 0.00e+00 0.00e+00 0.00e+00 0.00e+00 0.00e+00 0.00e+00
 Zinc       0  1.30e-02 2.08e-01 5.70e-01 2.01e-01 8.01e-03 2.18e-05 1.01e-06 0.00e+00 0.00e+00 0.00e+00 0.00e+00 0.00e+00 0.00e+00
 #### 33  Te:1.000E+04 Hden:3.162E-03 Ne:3.211E-03 R:1.000E+30 R-R0:9.982E+17 dR:3.553E+15 NTR:  1 Htot:3.463E-29 T912: 1.54e-03###
 Hydrogen      7.66e-02 9.23e-01 H+o/Hden 1.00e+00 0.00e+00 H-    H2 0.00e+00 0.00e+00 H2+ HeH+ 0.00e+00 Ho+ ColD 2.43e+14 2.92e+15
 Helium        1.01e-01 8.78e-01 2.08e-02 HeI 2s3S 4.55e-12 Comp H,C 6.27e-37 3.74e-34 Fill Fac 1.00e+00 Gam1/tot 1.00e+00
 He singlet n  1.01e-01 5.58e-19 4.20e-25 3.40e-25 3.91e-25 5.85e-25 He tripl 4.55e-12 3.96e-23 9.96e-25 8.34e-24 1.66e-24
 Pressure      NgasTgas 6.69e+01 P(total) 9.24e-15 P( gas ) 9.24e-15 P(Radtn) 2.70e-23 Rad accl 1.20e-12 ForceMul 4.83e+00
 Texc(La)      2.24e+03 T(I con) 3.27e+00 T(D con) 2.68e-02 T(U tot) 3.27e+00 nT (c+d) 7.97e+05 Prad/Gas 2.93e-09 Pmag/Gas 0.00e+00
 Lithium       2.90e-03 9.97e-01 2.31e-04 0.00e+00 Berylliu 3.25e-01 3.49e-01 3.25e-01 1.17e-03 0.00e+00 sec ion: 1.98e-19
 Boron         7.74e-03 8.51e-01 1.29e-01 1.25e-02 0.00e+00 0.00e+00
 Carbon        1.64e-02 6.74e-01 3.10e-01 2.11e-04 1.34e-05 0.00e+00 0.00e+00 H2O+/O   0.00e+00 OH+/Otot 0.00e+00 Hex(tot) 0.00e+00
 Nitrogen      3.61e-02 9.19e-01 4.52e-02 5.89e-05 0.00e+00 0.00e+00 0.00e+00 0.00e+00 O2/Ototl 0.00e+00 O2+/Otot 0.00e+00
 Oxygen        8.84e-02 8.68e-01 4.39e-02 3.28e-05 1.23e-06 0.00e+00 0.00e+00 0.00e+00 0.00e+00
 Fluorine      1.05e-02 5.23e-01 4.67e-01 1.27e-04 9.40e-06 0.00e+00 0.00e+00 0.00e+00 0.00e+00 0.00e+00
 Neon          1.01e-02 4.45e-01 5.44e-01 2.93e-04 0.00e+00 0.00e+00 0.00e+00 0.00e+00 0.00e+00 0.00e+00 0.00e+00
 Sodium        3.61e-04 5.80e-01 4.19e-01 5.33e-04 7.74e-06 0.00e+00 0.00e+00 0.00e+00 0.00e+00 0.00e+00 0.00e+00 0.00e+00
 Magnesium     2.76e-02 4.54e-01 5.18e-01 2.67e-04 0.00e+00 0.00e+00 0.00e+00 0.00e+00 0.00e+00 0.00e+00 0.00e+00 0.00e+00 0.00e+00
 Aluminium  0  5.94e-04 8.56e-01 6.99e-02 7.34e-02 1.60e-04 0.00e+00 0.00e+00 0.00e+00 0.00e+00 0.00e+00 0.00e+00 0.00e+00 0.00e+00
 Silicon    0  2.77e-03 8.33e-01 1.61e-01 3.40e-03 5.32e-05 0.00e+00 0.00e+00 0.00e+00 0.00e+00 0.00e+00 0.00e+00 0.00e+00 0.00e+00
 Phosphorus 0  1.24e-03 8.85e-01 1.10e-01 3.81e-03 4.63e-05 1.69e-06 0.00e+00 0.00e+00 0.00e+00 0.00e+00 0.00e+00 0.00e+00 0.00e+00
 Sulphur    0  4.92e-03 6.66e-01 3.28e-01 8.85e-04 4.89e-05 2.91e-06 0.00e+00 0.00e+00 0.00e+00 0.00e+00 0.00e+00 0.00e+00 0.00e+00
 Chlorine   0  8.79e-04 6.34e-01 3.64e-01 1.09e-03 3.85e-05 2.22e-06 0.00e+00 0.00e+00 0.00e+00 0.00e+00 0.00e+00 0.00e+00 0.00e+00
 Argon      0  3.32e-03 1.92e-01 8.04e-01 8.98e-04 6.66e-05 3.77e-06 0.00e+00 0.00e+00 0.00e+00 0.00e+00 0.00e+00 0.00e+00 0.00e+00
 Potassium  0  1.03e-04 7.30e-01 2.70e-01 3.14e-04 4.90e-04 1.11e-06 0.00e+00 0.00e+00 0.00e+00 0.00e+00 0.00e+00 0.00e+00 0.00e+00
 Calcium    0  2.07e-03 4.37e-01 5.54e-01 6.37e-03 8.16e-05 2.62e-06 0.00e+00 0.00e+00 0.00e+00 0.00e+00 0.00e+00 0.00e+00 0.00e+00
 Scandium   0  4.25e-04 1.48e-01 4.65e-01 3.86e-01 1.50e-03 9.59e-06 0.00e+00 0.00e+00 0.00e+00 0.00e+00 0.00e+00 0.00e+00 0.00e+00
 Titanium   0  7.19e-05 4.02e-01 5.63e-01 3.33e-02 1.06e-03 2.46e-06 0.00e+00 0.00e+00 0.00e+00 0.00e+00 0.00e+00 0.00e+00 0.00e+00
 Vanadium   0  1.61e-03 2.24e-01 7.63e-01 8.46e-03 2.45e-03 3.61e-06 0.00e+00 0.00e+00 0.00e+00 0.00e+00 0.00e+00 0.00e+00 0.00e+00
 Chromium   0  1.23e-03 2.18e-01 7.76e-01 4.04e-03 6.35e-04 9.94e-06 1.15e-06 0.00e+00 0.00e+00 0.00e+00 0.00e+00 0.00e+00 0.00e+00
 Manganese  0  6.02e-05 3.22e-01 6.74e-01 2.94e-03 1.01e-03 1.82e-05 1.57e-06 0.00e+00 0.00e+00 0.00e+00 0.00e+00 0.00e+00 0.00e+00
 Iron       0  1.06e-04 4.77e-01 5.12e-01 1.11e-02 1.18e-04 1.32e-05 0.00e+00 0.00e+00 0.00e+00 0.00e+00 0.00e+00 0.00e+00 0.00e+00
 Cobalt     0  2.54e-02 8.85e-01 8.71e-02 1.76e-03 3.11e-04 3.84e-06 0.00e+00 0.00e+00 0.00e+00 0.00e+00 0.00e+00 0.00e+00 0.00e+00
 Nickel     0  2.47e-04 9.21e-01 7.77e-02 5.12e-04 7.75e-05 2.82e-06 0.00e+00 0.00e+00 0.00e+00 0.00e+00 0.00e+00 0.00e+00 0.00e+00
 Copper     0  5.10e-03 2.08e-01 7.82e-01 4.26e-03 5.04e-05 1.08e-05 0.00e+00 0.00e+00 0.00e+00 0.00e+00 0.00e+00 0.00e+00 0.00e+00
 Zinc       0  1.30e-02 2.08e-01 5.70e-01 2.01e-01 8.01e-03 2.18e-05 1.01e-06 0.00e+00 0.00e+00 0.00e+00 0.00e+00 0.00e+00 0.00e+00
   model4  
   Calculation stopped because H column dens reached. Iteration 2 of 2
   The geometry is plane-parallel.
 C-Continuum zero at some energies.
  !Background cosmic rays are not included - is this physical?  It affects the chemistry.
  !Some input lines contained [ or ], these were changed to spaces.
  !AGE: Cloud age was not set.  Longest timescale was 1.29e+15 s = 4.09e+07 years.
  !A physical process has been disabled.
  !Heating - cooling mismatch = 95.5%. Caused by constant temperature assumption. 
  !The intensity of the incident radiation field is less than 10 times the Habing diffuse ISM field.  Is this OK?
  !   Consider adding diffuse ISM emission with TABLE ISM command.
  !Isotropic continuum subtraction significantly affects line intensities
   Charge transfer H => H+ reached 1.87% of the local H ionization rate.
   The density is too low to l-mix the lowest H  I collapsed level.  More resolved levels are needed for accurate line ratios.
   The density is too low to l-mix the lowest He I collapsed level.  More resolved levels are needed for accurate line ratios.
   Non-collisional excitation of [O III] 4363 reached 0.15% of the total.
   The largest continuum occupation number was 6.802e+03 at 3.045e-09 Ryd.
   Grains were not present but might survive in this environment (energy density temperature was 3.27e+00K)

                       *********************************> Cloudy 17.02 <**********************************
                       * title model4                                                                    *
                       * set punch prefix "model4"                                                       *
                       * distance = 300000000.0 parsecs linear                                           *
                       * print last                                                                      *
                       * CMB redshift 0.2000000                                                          *
                       * CONSTANT TEMPERATURE 4.00000 K Log                                              *
                       * stop temperature = 10K  linear                                                  *
                       * table HM96  factor=-2                                                           *
                       * hden -2.5                                                                       *
                       * metals -1                                                                       *
                       * stop proton column density 15.500000                                            *
                       * no molecules                                                                    *
                       * iterate                                                                         *
                       * save last radius ".rad"                                                         *
                       * save last continuum ".cont"                                                     *
                       * save last physical conditions ".phy"                                            *
                       * save last overview ".ovr"                                                       *
                       * save last heating ".heat"                                                       *
                       * save last cooling ".cool"                                                       *
                       * save last optical depth ".opd"                                                  *
                       * save last element hydrogen ".ele_H"                                             *
                       * save last element oxygen ".ele_O"                                               *
                       * save last element carbon ".ele_C"                                               *
                       * save last lines emissivity ".emis"                                              *
                       * N  3 989.106600A                                                                *
                       * N  5 1238.1570A                                                                 *
                       * N  5 1242.078230A                                                               *
                       * end of lines                                                                    *
                       *********************************> Log(U): -4.11 <*********************************
                       >>>>>>>>>> Cautions are present.

                     Emission Line Spectrum.   Constant  Density Model.    Open geometry.  Iteration 2 of 2.
                                                     Intensity (erg/s/cm^2).


                                                   Intrinsic line intensities
general properties...................      grains...............................      He 2      303.784A  -10.953    8.4288
Inci            0    -1.586 *********      H-like iso-sequence..................      He 2      256.317A  -12.020    0.7227
TotH            0   -10.460   26.2563      Cool      1215.67A  -11.700    1.5110      He 2      243.027A  -12.906    0.0939
TotC            0   -10.911    9.2908      Crst      960.000A  -11.880    0.9979      He 2      237.331A  -14.054    0.0067
BFH1            0   -10.554   21.1533      CION            0   -13.941    0.0087      He 2      228.234A  -14.737    0.0014
BFHe            0   -11.178    5.0204      Ca B      1215.67A  -10.402   30.0341      He 2      228.203A  -13.454    0.0266
TotM            0   -13.126    0.0566      Q(H)      4861.33A   -8.453 2669.3230      He 2      1640.43A  -12.439    0.2753
CT H            0   -13.484    0.0248      Q(H)      1215.67A   -6.919 91127.508      He 2      1215.13A  -12.954    0.0841
H  1c           0   -11.480    2.5089      CaBo      4861.33A  -11.935    0.8793      He 2      1084.94A  -13.320    0.0362
Ar 2c           0   -14.145    0.0054      CaBo      1640.00A  -12.689    0.1550      He 2      1025.27A  -13.601    0.0190
Ar 3c           0   -13.204    0.0473      CaBo      4685.64A  -13.510    0.0234      He 2      992.360A  -13.836    0.0110
C  1c           0   -13.570    0.0204      Ca A      1215.67A  -10.592   19.3624      He 2      972.108A  -14.024    0.0072
C  2c           0   -12.519    0.2289      Ca A      1025.72A  -11.239    4.3693      He 2      958.694A  -14.188    0.0049
C  3c           0   -13.566    0.0206      Ca A      972.537A  -11.649    1.6971      He 2      949.324A  -14.335    0.0035
Co 2c           0   -14.420    0.0029      Ca A      949.743A  -11.953    0.8432      He 2      942.508A  -14.264    0.0041
Cr 2c           0   -14.608    0.0019      Ca A      937.804A  -12.196    0.4826      He 2      937.389A  -14.369    0.0032
Fe 2c           0   -11.863    1.0387      Ca A      930.748A  -12.398    0.3030      He 2      933.444A  -14.470    0.0026
Fe 3c           0   -12.823    0.1138      Ca A      926.226A  -12.571    0.2031      He 2      930.337A  -14.557    0.0021
Mg 1c           0   -13.487    0.0247      Ca A      923.150A  -12.724    0.1429      He 2      927.846A  -14.639    0.0017
N  1c           0   -13.997    0.0076      Ca A      920.963A  -12.860    0.1044      He 2      925.817A  -14.714    0.0015
Ne 2c           0   -13.369    0.0324      Ca A      919.351A  -12.983    0.0786      He 2      924.142A  -14.784    0.0012
Ne 3c           0   -12.815    0.1160      Ca A      918.129A  -13.096    0.0607      He 2      922.743A  -14.848    0.0011
O  1c           0   -13.334    0.0351      Ca A      917.181A  -13.199    0.0479      He 2      917.221A  -14.265    0.0041
O  2c           0   -11.813    1.1650      Ca A      916.429A  -13.294    0.0385      He 2      4685.64A  -13.521    0.0228
O  3c           0   -12.811    0.1170      Ca A      915.824A  -13.383    0.0314      He 2      3203.04A  -13.844    0.0109
P  2c           0   -13.684    0.0157      Ca A      915.329A  -13.465    0.0259      He 2      2733.24A  -14.111    0.0059
S  2c           0   -12.169    0.5133      Ca A      914.919A  -13.543    0.0217      He 2      2511.15A  -14.335    0.0035
S  3c           0   -12.487    0.2466      Ca A      914.576A  -13.616    0.0183      He 2      2385.35A  -14.520    0.0023
Si 2c           0   -12.364    0.3278      Ca A      914.286A  -13.684    0.0157      He 2      2306.15A  -14.681    0.0016
Si 3c           0   -13.829    0.0112      Ca A      914.039A  -13.748    0.0135      He 2      2252.64A  -14.824    0.0011
Al 2c           0   -13.569    0.0204      Ca A      913.826A  -13.809    0.0118      He 2      2214.62A  -14.779    0.0013
Ca 2c           0   -12.554    0.2116      Ca A      913.641A  -13.866    0.0103      He 2      2079.84A  -14.779    0.0013
Cl 2c           0   -14.217    0.0046      Ca A      913.480A  -13.919    0.0091      He 2      1.01233m  -14.176    0.0050
Cl 3c           0   -14.782    0.0012      Ca A      913.339A  -13.969    0.0081      He 2      6559.91A  -14.414    0.0029
Fe 4c           0   -14.853    0.0011      Ca A      6562.81A  -11.661    1.6509      He 2      5411.37A  -14.632    0.0018
Mg 2c           0   -12.312    0.3688      Ca A      4861.33A  -12.112    0.5852      He 2      4859.18A  -14.817    0.0012
N  2c           0   -12.126    0.5671      Ca A      4340.46A  -12.437    0.2770      He 2      1.86362m  -14.686    0.0016
N  3c           0   -14.049    0.0068      Ca A      4101.73A  -12.690    0.1544      He 2      1.16260m  -14.869    0.0010
Na 3c           0   -14.821    0.0011      Ca A      3970.07A  -12.899    0.0955      He-like iso-sequence.................
Ni 2c           0   -13.041    0.0689      Ca A      3889.05A  -13.077    0.0633      He 1      1202.81A  -12.504    0.2374
continua.............................      Ca A      3835.38A  -13.233    0.0443      He 1      584.334A  -11.604    1.8858
Bac       3646.00A  -10.742   13.7030      Ca A      3797.89A  -13.371    0.0322      He 1      537.030A  -12.235    0.4405
nFnu      3645.00A  -10.610   18.5863      Ca A      3770.63A  -13.495    0.0242      He 1      522.213A  -12.770    0.1287
nFnu      3647.00A  -11.190    4.8833      Ca A      3750.15A  -13.608    0.0187      He 1      515.617A  -13.165    0.0518
cout      3646.00A  -11.043    6.8515      Ca A      3734.36A  -13.712    0.0147      He 1      512.099A  -13.474    0.0254
cref      3646.00A  -11.043    6.8515      Ca A      3721.93A  -13.808    0.0118      He 1      625.563A  -11.236    4.3982
thin      3646.00A  -10.742   13.7030      Ca A      3711.97A  -13.898    0.0096      He 1      510.018A  -13.210    0.0467
Inci      4860.00A   -6.410 294453.53      Ca A      3703.85A  -13.981    0.0079      He 1      508.657A  -13.331    0.0354
Inci      1215.00A   -6.275 402159.41      Ca A      3697.15A  -14.059    0.0066      He 1      507.727A  -13.446    0.0271
Ba C            0   -11.406    2.9741      Ca A      3691.55A  -14.133    0.0056      He 1      507.065A  -13.541    0.0218
PA C            0   -11.822    1.1397      Ca A      3686.83A  -14.203    0.0047      He 1      506.576A  -13.634    0.0176
FIR       83.0000m   -3.232 *********      Ca A      3682.80A  -14.269    0.0041      He 1      506.204A  -13.723    0.0143
TIR       1800.00m   -1.635 *********      Ca A      3679.35A  -14.332    0.0035      He 1      505.916A  -13.798    0.0121
NIRa      2.85000m   -6.451 268059.59      Ca A      3676.36A  -14.393    0.0031      He 1      505.687A  -13.874    0.0101
NIRb      3.00000m   -6.632 176754.92      Ca A      3673.75A  -14.450    0.0027      He 1      505.502A  -13.945    0.0086
MIRa      15.0000m   -7.616 18345.848      Ca A      3671.47A  -14.505    0.0024      He 1      505.352A  -14.011    0.0074
MIRb      22.5000m   -7.613 18458.160      Ca A      1.87510m  -12.454    0.2664      He 1      505.227A  -14.073    0.0064
NMIR      21.7500m   -6.451 268059.59      Ca A      1.28180m  -12.780    0.1256      He 1      505.122A  -14.129    0.0056
TFIR      611.250m   -1.981 *********      Ca A      1.09380m  -13.041    0.0689      He 1      505.033A  -14.179    0.0050
TALL      10000.0A   -1.588 *********      Ca A      1.00493m  -13.255    0.0421      He 1      504.958A  -14.224    0.0045
F12       12.0000m   -8.391 3079.3430      Ca A      9545.93A  -13.437    0.0277      He 1      504.893A  -14.261    0.0041
F25       25.0000m   -9.479  251.5521      Ca A      9228.97A  -13.595    0.0192      He 1      504.836A  -14.288    0.0039
F60       60.0000m  -10.378   31.6767      Ca A      9014.87A  -13.735    0.0139      He 1      504.787A  -14.299    0.0038
F100      100.000m  -11.438    2.7626      Ca A      8862.74A  -13.861    0.0104      He 1      504.744A  -14.281    0.0040
MIPS      24.0000m   -9.775  126.9824      Ca A      8750.43A  -13.975    0.0080      He 1      504.706A  -14.192    0.0049
MIPS      70.0000m  -11.124    5.6875      Ca A      8664.98A  -14.080    0.0063      He 1      504.672A  -13.241    0.0435
MIPS      160.000m   -9.121  573.4579      Ca A      8598.35A  -14.177    0.0050      TOTL      1.08303m  -12.629    0.1778
IRAC      3.60000m   -7.659 16592.279      Ca A      8545.34A  -14.267    0.0041      He 1      1.08303m  -12.629    0.1778
IRAC      4.50000m   -7.711 14724.346      Ca A      8502.44A  -14.351    0.0034      He 1      3888.63A  -12.894    0.0966
IRAC      5.80000m   -7.893 9675.1260      Ca A      8467.21A  -14.430    0.0028      He 1      3187.74A  -13.281    0.0396
IRAC      8.00000m   -8.135 5543.6392      Ca A      8437.91A  -14.504    0.0024      He 1      2945.10A  -13.594    0.0193
SPR1      250.000m   -5.398 3027590.8      Ca A      8413.28A  -14.575    0.0020      He 1      2829.08A  -13.849    0.0107
SPR2      350.000m   -3.905 *********      Ca A      8392.35A  -14.641    0.0017      He 1      2760.44A  -14.486    0.0025
SPR3      500.000m   -2.846 *********      Ca A      8374.43A  -14.705    0.0015      He 1      2721.00A  -14.638    0.0017
PAC1      70.0000m  -11.064    6.5323      Ca A      8358.96A  -14.765    0.0013      He 1      2694.61A  -14.772    0.0013
PAC2      100.000m  -11.444    2.7220      Ca A      8345.51A  -14.823    0.0011      He 1      5015.68A  -14.123    0.0057
PAC3      160.000m   -7.949 8510.5117      Ca A      8333.74A  -14.878    0.0010      He 1      3964.73A  -14.397    0.0030
PAH       3.30000m   -8.493 2435.3472      Ca A      4.05113m  -13.054    0.0669      He 1      3613.64A  -14.662    0.0017
PAHC      3.23000m   -8.777 1265.3927      Ca A      2.62513m  -13.306    0.0374      He 1      7065.22A  -13.608    0.0187
PAHC      3.37000m   -8.810 1172.4390      Ca A      2.16551m  -13.522    0.0227      He 1      5875.64A  -12.902    0.0948
PAH       6.20000m   -8.492 2437.2478      Ca A      1.94454m  -13.707    0.0149      He 1      4713.03A  -14.276    0.0040
PAHC      5.65000m   -8.344 3424.9839      Ca A      1.81740m  -13.868    0.0103      He 1      4471.49A  -13.301    0.0378
PAH       7.90000m   -8.623 1804.4712      Ca A      1.73620m  -14.010    0.0074      He 1      4120.82A  -14.694    0.0015
PAHC      6.90000m   -8.386 3113.6631      Ca A      1.68064m  -14.137    0.0055      He 1      4026.20A  -13.614    0.0184
PAH       11.3000m   -9.648  170.3136      Ca A      1.64071m  -14.252    0.0042      He 1      3819.61A  -13.867    0.0103
PAHC      10.9000m   -9.585  196.7422      Ca A      1.61092m  -14.358    0.0033      He 1      3704.76A  -13.861    0.0104
PAH       11.8000m   -9.501  238.7294      Ca A      1.58804m  -14.456    0.0027      He 1      3634.08A  -14.024    0.0072
PAHC      12.6500m   -9.600  190.1103      Ca A      1.57006m  -14.546    0.0022      He 1      3587.16A  -14.165    0.0052
PAH       13.3000m   -9.629  177.8514      Ca A      1.55563m  -14.631    0.0018      He 1      3554.34A  -14.293    0.0039
PAHC      14.1000m   -9.731  140.7505      Ca A      1.54388m  -14.710    0.0015      He 1      3530.43A  -14.408    0.0030
Bcon      3640.00A   -6.068 646678.00      Ca A      1.53417m  -14.785    0.0012      He 1      3512.47A  -14.512    0.0023
Pcon      5000.00A   -6.530 223197.53      Ca A      1.52604m  -14.856    0.0011      He 1      3498.61A  -14.608    0.0019
O3bn      5007.00A   -8.044 6841.0078      Ca A      7.45777m  -13.544    0.0216      He 1      3487.70A  -14.697    0.0015
SX        25.0000A   -7.066 65062.879      Ca A      4.65247m  -13.744    0.0136      He 1      3478.94A  -14.779    0.0013
HX        4.70000A   -7.726 14222.699      Ca A      3.73951m  -13.928    0.0089      He 1      3471.80A  -14.855    0.0011
HFFc            0   -11.728    1.4156      Ca A      3.29607m  -14.089    0.0062      He 1      3439.99A  -14.422    0.0029
H FF            0   -11.772    1.2801      Ca A      3.03835m  -14.232    0.0044      He 1      7281.35A  -14.267    0.0041
HeFF            0   -12.757    0.1326      Ca A      2.87219m  -14.361    0.0033      He 1      6678.15A  -13.455    0.0266
ToFF            0   -11.729    1.4129      Ca A      2.75749m  -14.477    0.0025      He 1      5047.64A  -14.752    0.0013
nInu      23.5131c   -7.587 19607.527      Ca A      2.67438m  -14.584    0.0020      He 1      4921.93A  -13.874    0.0101
nInu      20.4636c   -7.405 29798.492      Ca A      2.61191m  -14.682    0.0016      He 1      4387.93A  -14.189    0.0049
nFnu      6.61064c  -14.585    0.0020      Ca A      2.56361m  -14.773    0.0013      He 1      4143.76A  -14.441    0.0027
nInu      6.61064c   -5.943 863834.38      Ca A      2.52538m  -14.858    0.0010      He 1      4009.05A  -14.497    0.0024
nFnu      6.13700c  -14.494    0.0024      Ca A      12.3684m  -13.959    0.0083      He 1      3926.41A  -14.662    0.0016
nInu      6.13700c   -5.848 1073623.2      Ca A      7.50038m  -14.121    0.0057      He 1      3871.69A  -14.806    0.0012
nFnu      3.55415c  -13.810    0.0117      Ca A      5.90655m  -14.279    0.0040      He 1      1.25274m  -14.776    0.0013
nInu      3.55415c   -5.148 5389057.0      Ca A      5.12722m  -14.422    0.0029      He 1      9463.57A  -14.851    0.0011
nFnu      3.43208c  -13.768    0.0129      Ca A      4.67119m  -14.551    0.0021      He 1      1.70027m  -14.452    0.0027
nInu      3.43208c   -5.105 5943021.0      Ca A      4.37522m  -14.667    0.0016      He 1      1.19692m  -14.610    0.0019
nFnu      3.40000c  -13.755    0.0133      Ca A      4.16962m  -14.774    0.0013      He 1      1.03113m  -14.807    0.0012
nInu      3.40000c   -5.092 6119971.5      Ca A      4.01974m  -14.873    0.0010      He 1      9515.06A  -14.748    0.0014
nFnu      2.00329c  -13.090    0.0615      Ca A      19.0565m  -14.319    0.0036      He 1      1.86854m  -13.852    0.0106
nInu      2.00329c   -4.422 *********      Ca A      11.3055m  -14.452    0.0027      He 1      1.27849m  -14.173    0.0051
nFnu      1.33478c  -12.587    0.1961      Ca A      8.75760m  -14.590    0.0019      He 1      1.09130m  -14.436    0.0028
nInu      1.33478c   -3.917 *********      Ca A      7.50599m  -14.718    0.0015      He 1      1.00275m  -14.677    0.0016
nFnu      9993.08m  -12.235    0.4408      Ca A      6.77008m  -14.834    0.0011      He 1      9526.01A  -14.849    0.0011
nInu      9993.08m   -3.565 *********      Ca A      27.7955m  -14.638    0.0017      He 1      1.86972m  -14.329    0.0035
nFnu      6917.22m  -11.804    1.1896      Ca A      16.2045m  -14.748    0.0014      He 1      1.27905m  -14.651    0.0017
nInu      6917.22m   -3.134 *********      Ca A      12.3837m  -14.869    0.0010      He 1      4.04791m  -14.581    0.0020
nFnu      122.400m  -13.450    0.0268      Ca B      6562.81A  -11.480    2.5097      He 1      2.62338m  -14.866    0.0010
nInu      122.400m  -11.183    4.9729      Ca B      4861.33A  -11.936    0.8766      Ca B      2945.10A  -13.619    0.0182
nFnu      60.8322m  -13.205    0.0472      Ca B      4340.46A  -12.266    0.4105      Ca B      3187.74A  -13.302    0.0378
nInu      60.8322m  -10.392   30.7148      Ca B      4101.73A  -12.523    0.2270      Ca B      3613.64A  -14.208    0.0047
nFnu      41.2152m  -13.059    0.0661      Ca B      3970.07A  -12.735    0.1394      Ca B      3888.63A  -12.907    0.0938
nInu      41.2152m   -9.884   98.9504      Ca B      3889.05A  -12.915    0.0921      Ca B      3964.73A  -13.900    0.0095
nFnu      30.8695m  -12.955    0.0840      Ca B      3835.38A  -13.072    0.0641      Ca B      4026.20A  -13.587    0.0196
nInu      30.8695m   -9.506  236.1634      Ca B      3797.89A  -13.212    0.0465      Ca B      4120.82A  -14.658    0.0017
nFnu      24.7829m  -12.876    0.1008      Ca B      3770.63A  -13.337    0.0348      Ca B      4387.93A  -14.163    0.0052
nInu      24.7829m   -9.219  456.8944      Ca B      3750.15A  -13.452    0.0268      Ca B      4471.49A  -13.264    0.0412
nFnu      24.2998m  -12.869    0.1024      Ca B      3734.36A  -13.556    0.0210      Ca B      4713.03A  -14.246    0.0043
nInu      24.2998m   -9.193  485.1440      Ca B      3721.93A  -13.653    0.0168      Ca B      4921.93A  -13.832    0.0111
nFnu      22.8302m  -12.846    0.1079      Ca B      3711.97A  -13.743    0.0137      Ca B      5015.68A  -13.501    0.0239
nInu      22.8302m   -9.115  580.8115      Ca B      3703.85A  -13.827    0.0113      Ca B      5047.64A  -14.661    0.0017
nFnu      21.4199m  -12.824    0.1135      Ca B      3697.15A  -13.905    0.0094      Ca B      5875.64A  -12.823    0.1137
nInu      21.4199m   -9.033  702.3316      Ca B      3691.55A  -13.980    0.0079      Ca B      6678.15A  -13.370    0.0323
nFnu      21.1235m  -12.818    0.1150      Ca B      3686.83A  -14.049    0.0068      Ca B      7065.22A  -13.591    0.0194
nInu      21.1235m   -9.011  738.3369      Ca B      3682.80A  -14.116    0.0058      Ca B      7281.35A  -14.103    0.0060
nFnu      19.6199m  -12.791    0.1226      Ca B      3679.35A  -14.178    0.0050      Ca B      9463.57A  -14.877    0.0010
nInu      19.6199m   -8.915  920.0023      Ca B      3676.36A  -14.238    0.0044      Ca B      1.08303m  -12.602    0.1895
nFnu      17.6534m  -12.752    0.1340      Ca B      3673.75A  -14.295    0.0038      Ca B      1.19692m  -14.583    0.0020
nInu      17.6534m   -8.781 1254.3120      Ca B      3671.47A  -14.349    0.0034      Ca B      1.25274m  -14.797    0.0012
nFnu      17.3700m  -12.746    0.1358      Ca B      1.87510m  -12.407    0.2968      Ca B      1.27849m  -14.077    0.0063
nInu      17.3700m   -8.759 1318.6149      Ca B      1.28180m  -12.724    0.1431      Ca B      1.27905m  -14.554    0.0021
nFnu      15.6901m  -12.711    0.1472      Ca B      1.09380m  -12.980    0.0793      Ca B      1.70027m  -14.414    0.0029
nInu      15.6901m   -8.624 1797.7720      Ca B      1.00493m  -13.192    0.0486      Ca B      1.86854m  -13.706    0.0149
nFnu      14.6036m  -12.683    0.1570      Ca B      9545.93A  -13.373    0.0321      Ca B      1.86972m  -14.183    0.0050
nInu      14.6036m   -8.533 2217.8210      Ca B      9228.97A  -13.531    0.0223      Ca B      1.90894m  -14.867    0.0010
nFnu      12.4300m  -12.623    0.1805      Ca B      9014.87A  -13.671    0.0162      Ca B      2.05813m  -13.442    0.0274
nInu      12.4300m   -8.320 3619.9924      Ca B      8862.74A  -13.797    0.0121      Pho+      3889.00A  -12.287    0.3912
nFnu      11.4000m  -12.594    0.1929      Ca B      8750.43A  -13.911    0.0093      extra Lyman..........................
nInu      11.4000m   -8.208 4694.7441      Ca B      8664.98A  -14.016    0.0073      database lines.......................
nFnu      10.4600m  -12.558    0.2095      Ca B      8598.35A  -14.113    0.0058      Ar 2      6.98337m  -14.145    0.0054
nInu      10.4600m   -8.095 6088.5830      Ca B      8545.34A  -14.203    0.0047      Ar 3      7135.79A  -13.552    0.0212
nFnu      9.48002m  -12.526    0.2253      Ca B      8502.44A  -14.287    0.0039      Ar 3      7751.11A  -14.176    0.0050
nInu      9.48002m   -7.969 8136.6929      Ca B      8467.21A  -14.366    0.0033      Ar 3      8.98898m  -13.597    0.0192
nFnu      9.32488m  -12.521    0.2281      Ca B      8437.91A  -14.440    0.0027      Ar 3      21.8253m  -14.764    0.0013
nInu      9.32488m   -7.947 8553.8242      Ca B      8413.28A  -14.510    0.0023      C  1      9824.13A  -14.280    0.0040
nFnu      8.21035m  -12.470    0.2564      Ca B      8392.35A  -14.577    0.0020      C  1      9850.26A  -13.805    0.0119
nInu      8.21035m   -7.782 12507.607      Ca B      8374.43A  -14.640    0.0017      C  1      370.269m  -14.490    0.0025
nFnu      7.58000m  -12.445    0.2718      Ca B      8358.96A  -14.700    0.0015      C  1      609.590m  -14.574    0.0020
nInu      7.58000m   -7.678 15899.871      Ca B      8345.51A  -14.757    0.0013      C  2      687.352A  -14.443    0.0027
nFnu      7.05026m  -12.408    0.2959      Ca B      8333.74A  -14.812    0.0012      C  2      904.142A  -13.907    0.0094
nInu      7.05026m   -7.582 19811.984      Ca B      4.05113m  -13.032    0.0703      C  2      904.480A  -14.002    0.0075
nFnu      4.11370m  -12.198    0.4801      Ca B      2.62513m  -13.279    0.0399      C  2      1037.02A  -13.919    0.0091
nInu      4.11370m   -7.039 69273.070      Ca B      2.16551m  -13.492    0.0244      C  2      1335.66A  -13.938    0.0087
nFnu      2.32440m  -12.009    0.7408      Ca B      1.94454m  -13.675    0.0160      C  2      1335.71A  -14.840    0.0011
nInu      2.32440m   -6.871 101950.15      Ca B      1.81740m  -13.834    0.0111      C  2      2323.50A  -14.153    0.0053
nFnu      1.64313m  -11.860    1.0455      Ca B      1.73620m  -13.975    0.0080      C  2      2324.69A  -13.808    0.0118
nInu      1.64313m   -6.769 128960.27      Ca B      1.68064m  -14.102    0.0060      C  2      2325.40A  -13.507    0.0236
nFnu      1.48022m  -11.845    1.0829      Ca B      1.64071m  -14.217    0.0046      C  2      2326.93A  -13.371    0.0322
