                                                          Cloudy 17.02
                                                         www.nublado.org

                       **************************************17Jun01**************************************
                       *                                                                                 *
                       * title model 4                                                                   *
                       * set punch prefix "model_4"                                                      *
                       * distance = 300000000.0 parsecs linear                                           *
                       * print last                                                                      *
                       * CMB redshift 0.2000000                                                          *
                       * stop temperature = 10000K  linear                                               *
                       * hden -2.5000000                                                                 *
                       * metals -1                                                                       *
                       * stop proton column density 15.500000                                            *
                       * table HM96                                                                      *
                       * iterate                                                                         *
                       * Print column densities on                                                       *
                       * save last radius ".rad"                                                         *
                       * save last continuum ".cont"                                                     *
                       * save last physical conditions ".phy"                                            *
                       * save last overview ".ovr"                                                       *
                       * save last heating ".heat"                                                       *
                       * save last cooling ".cool"                                                       *
                       * save last optical depth ".opd"                                                  *
                       * save last element hydrogen ".ele_H"                                             *
                       * save last element oxygen ".ele_O"                                               *
                       * save last lines emissivity ".emis"                                              *
WARNING: read "O 6 " as spectrum
Assuming required spectrum is "O  6"
                       *                                                                                 *
                       ***********************************************************************************




 NOTE: one of these comment characters was found in the input: //, %, *, or ;.
 Using these is deprecated and they will be removed in the next major release.
 Please convert your input deck using scripts/ccc.pl.

 NOTE Setcon: continuum has zero intensity starting at  1.7607e+02 Ryd.
   790 cells in the incident continuum have zero intensity.  Problems???

           8228CellPeak1.00E+00   Lo 3.04e-09=  29.98m   Hi-Con:7.13E+06 Ryd   E(hi):7.35E+06Ryd     E(hi):     100.00 MeV
           I(nu>1ryd):  -4.3548   Average nu:2.751E+00   I( X-ray):  -4.9652   I(BalC):  -4.0685     Phi(BalmrC):   6.9280
           phi(1.0-1.8): 5.6269   phi(1.8-4.0):  5.434   phi(4.0-20):  4.487   phi(20--):  4.025     Ion pht flx:7.366E+05
           I(gam ray):   0.0000   phi(gam r):   0.0000   I(Infred):  -1.5851   Alf(ox):  -1.4558     Total inten:  -1.5830
           U(1.0----):7.770E-03   U(4.0----):4.355E-04   T(En-Den):3.276E+00   T(Comp):1.343E+03     nuJnu(912A):2.146E-05
           Occ(FarIR):6.802E+03   Occ(H n=6):8.285E-16   Occ(1Ryd):9.898E-22   Occ(4R):1.328E-24     Occ (Nu-hi):0.000E+00
           Tbr(FarIR):3.270E+00   Tbr(H n=6):3.628E-12   Tbr(1Ryd):1.562E-16   Tbr(4R):8.397E-19     Tbr (Nu-hi):0.000E+00
  
                                                  Gas Phase Chemical Composition
        H :  0.0000  He: -1.0000  Li: -9.6904  Be:-11.5800  B :-10.2097  C : -4.6108  N : -5.0701  O : -4.3098  F : -8.5200
        Ne: -5.0000  Na: -6.6696  Mg: -5.4597  Al: -6.5302  Si: -5.4597  P : -7.4949  S : -5.7352  Cl: -7.7190  Ar: -6.6003
        K : -7.8794  Ca: -6.6402  Sc: -9.8297  Ti: -7.9788  V : -9.0000  Cr: -7.3298  Mn: -7.5406  Fe: -5.5498  Co: -8.0799
                                               Ni: -6.7496  Cu: -8.7905  Zn: -8.4001
 
 ####  1  Te:2.228E+04 Hden:3.162E-03 Ne:3.719E-03 R:1.000E+30 R-R0:2.500E+16 dR:5.000E+16 NTR:  7 Htot:5.323E-29 T912: 5.29e-07###
 Hydrogen      5.27e-04 9.99e-01 H+o/Hden 1.00e+00 7.94e-12 H-    H2 2.34e-15 5.19e-13 H2+ HeH+ 3.99e-12 Ho+ ColD 8.33e+10 1.58e+14
 Helium        1.71e-04 2.21e-01 7.79e-01 HeI 2s3S 7.16e-13 Comp H,C 5.86e-35 9.72e-34 Fill Fac 1.00e+00 Gam1/tot 9.85e-01
 He singlet n  1.71e-04 1.02e-19 8.91e-26 6.45e-26 6.16e-26 7.51e-26 He tripl 7.16e-13 5.97e-24 1.82e-25 1.33e-24 2.15e-25
 Pressure      NgasTgas 1.60e+02 P(total) 2.21e-14 P( gas ) 2.21e-14 P(Radtn) 0.00e+00 Rad accl 1.87e-11 ForceMul 6.41e+01
 Texc(La)      2.56e+03 T(I con) 3.28e+00 T(D con) 2.22e-02 T(U tot) 3.28e+00 nT (c+d) 7.97e+05 Prad/Gas 0.00e+00 Pmag/Gas 0.00e+00
 Molecules     CH/Ctot: 7.92e-18 CH+/Ctot 3.88e-15 CO/Ctot: 8.43e-25 CO+/Ctot 1.30e-22 H2O/Otot 1.80e-31 OH/Ototl 2.44e-18
 Lithium       9.34e-06 3.40e-01 5.11e-01 1.49e-01 Berylliu 1.27e-04 4.41e-03 6.42e-01 3.41e-01 1.29e-02 sec ion: 8.36e-19
 Boron         1.32e-05 2.41e-02 7.34e-02 8.32e-01 6.98e-02 9.00e-04
 Carbon        7.26e-06 1.32e-02 5.39e-01 2.64e-01 1.80e-01 4.16e-03 1.74e-05 H2O+/O   4.58e-32 OH+/Otot 3.52e-18 Hex(tot) 0.00e+00
 Nitrogen      1.70e-06 4.57e-03 4.37e-01 4.84e-01 5.67e-02 1.73e-02 1.29e-04 0.00e+00 O2/Ototl 5.52e-25 O2+/Otot 1.27e-25
 Oxygen        1.31e-06 2.98e-03 3.59e-01 5.52e-01 7.67e-02 7.64e-03 9.03e-04 2.50e-06 0.00e+00
 Fluorine      3.87e-07 2.89e-03 3.55e-01 4.86e-01 1.49e-01 7.15e-03 2.42e-04 2.42e-05 0.00e+00 0.00e+00
 Neon          2.23e-07 1.72e-03 3.22e-01 4.86e-01 1.77e-01 1.31e-02 2.67e-04 1.22e-05 0.00e+00 0.00e+00 0.00e+00
 Sodium        1.03e-08 1.27e-03 1.55e-01 5.28e-01 2.95e-01 1.97e-02 7.19e-04 8.09e-06 0.00e+00 0.00e+00 0.00e+00 0.00e+00
 Magnesium     1.32e-05 7.25e-04 1.48e-01 4.60e-01 3.37e-01 5.16e-02 2.31e-03 3.98e-05 0.00e+00 0.00e+00 0.00e+00 0.00e+00 0.00e+00
 Aluminium  0  5.68e-06 6.66e-03 8.68e-03 2.74e-01 5.14e-01 1.87e-01 9.10e-03 2.35e-04 4.02e-06 0.00e+00 0.00e+00 0.00e+00 0.00e+00
 Silicon    0  1.72e-06 6.45e-03 1.46e-01 1.31e-01 4.65e-01 2.18e-01 3.30e-02 1.16e-03 3.77e-06 0.00e+00 0.00e+00 0.00e+00 0.00e+00
 Phosphorus 0  3.84e-06 2.38e-02 2.01e-01 2.66e-01 1.50e-01 3.04e-01 5.31e-02 2.73e-03 3.74e-05 0.00e+00 0.00e+00 0.00e+00 0.00e+00
 Sulphur    0  3.16e-07 4.79e-03 2.71e-01 4.52e-01 9.96e-02 8.95e-02 7.61e-02 7.68e-03 1.06e-04 0.00e+00 0.00e+00 0.00e+00 0.00e+00
 Chlorine   0  3.73e-07 3.51e-03 2.16e-01 5.88e-01 1.34e-01 3.66e-02 1.41e-02 7.54e-03 3.29e-04 4.59e-06 0.00e+00 0.00e+00 0.00e+00
 Argon      0  9.21e-08 5.78e-04 2.02e-01 5.28e-01 2.28e-01 3.61e-02 3.13e-03 1.35e-03 3.54e-04 7.17e-06 0.00e+00 0.00e+00 0.00e+00
 Potassium  0  2.61e-08 6.82e-03 2.66e-01 4.02e-01 2.43e-01 7.71e-02 4.04e-03 5.57e-04 6.40e-05 2.04e-05 0.00e+00 0.00e+00 0.00e+00
 Calcium    0  4.21e-08 7.94e-04 1.85e-01 5.09e-01 2.20e-01 7.48e-02 9.80e-03 5.61e-04 2.34e-05 5.26e-06 0.00e+00 0.00e+00 0.00e+00
 Scandium   0  3.65e-10 1.28e-05 4.37e-03 6.35e-01 2.71e-01 7.86e-02 9.89e-03 1.31e-03 2.09e-05 1.40e-06 0.00e+00 0.00e+00 0.00e+00
 Titanium   0  3.91e-09 8.21e-05 1.65e-02 5.16e-01 3.72e-01 8.38e-02 1.01e-02 1.24e-03 5.24e-05 1.25e-06 0.00e+00 0.00e+00 0.00e+00
 Vanadium   0  1.10e-09 1.96e-05 8.83e-03 1.94e-01 4.89e-01 2.83e-01 2.18e-02 3.28e-03 1.11e-04 1.03e-05 0.00e+00 0.00e+00 0.00e+00
 Chromium   0  7.38e-10 1.39e-05 1.12e-02 2.31e-01 4.58e-01 2.42e-01 5.33e-02 3.89e-03 2.34e-04 1.20e-05 0.00e+00 0.00e+00 0.00e+00
 Manganese  0  2.95e-09 3.72e-05 1.22e-02 2.27e-01 4.80e-01 2.45e-01 3.50e-02 9.44e-04 1.26e-04 3.36e-06 0.00e+00 0.00e+00 0.00e+00
 Iron       0  7.40e-09 1.17e-05 5.53e-03 2.25e-01 4.09e-01 2.76e-01 7.86e-02 5.95e-03 6.49e-05 5.07e-06 0.00e+00 0.00e+00 0.00e+00
 Cobalt     0  2.10e-09 1.12e-05 4.11e-03 1.34e-01 4.46e-01 3.25e-01 7.97e-02 1.09e-02 4.02e-04 2.77e-05 0.00e+00 0.00e+00 0.00e+00
 Nickel     0  2.00e-09 1.75e-05 5.69e-03 1.39e-01 3.78e-01 3.69e-01 9.23e-02 1.44e-02 5.95e-04 3.59e-05 0.00e+00 0.00e+00 0.00e+00
 Copper     0  2.36e-09 1.24e-05 6.62e-03 1.53e-01 3.37e-01 3.59e-01 1.11e-01 3.13e-02 1.60e-03 8.71e-05 0.00e+00 0.00e+00 0.00e+00
 Zinc       0  5.95e-09 1.39e-05 3.56e-03 1.15e-01 3.41e-01 3.78e-01 1.22e-01 3.84e-02 2.05e-03 1.14e-04 1.67e-06 0.00e+00 0.00e+00
 #### 33  Te:2.228E+04 Hden:3.162E-03 Ne:3.724E-03 R:1.000E+30 R-R0:9.982E+17 dR:3.553E+15 NTR:  2 Htot:5.328E-29 T912: 1.06e-05###
 Hydrogen      5.28e-04 9.99e-01 H+o/Hden 1.00e+00 7.96e-12 H-    H2 2.35e-15 5.19e-13 H2+ HeH+ 4.00e-12 Ho+ ColD 1.67e+12 3.16e+15
 Helium        1.71e-04 2.21e-01 7.79e-01 HeI 2s3S 7.18e-13 Comp H,C 5.86e-35 9.73e-34 Fill Fac 1.00e+00 Gam1/tot 9.85e-01
 He singlet n  1.71e-04 1.03e-19 8.92e-26 6.46e-26 6.17e-26 7.53e-26 He tripl 7.18e-13 5.99e-24 1.83e-25 1.33e-24 2.15e-25
 Pressure      NgasTgas 1.61e+02 P(total) 2.22e-14 P( gas ) 2.22e-14 P(Radtn) 2.51e-22 Rad accl 1.04e-11 ForceMul 3.58e+01
 Texc(La)      2.56e+03 T(I con) 3.28e+00 T(D con) 4.98e-02 T(U tot) 3.28e+00 nT (c+d) 8.03e+05 Prad/Gas 1.13e-08 Pmag/Gas 0.00e+00
 Molecules     CH/Ctot: 7.95e-18 CH+/Ctot 3.89e-15 CO/Ctot: 8.49e-25 CO+/Ctot 1.31e-22 H2O/Otot 1.81e-31 OH/Ototl 2.46e-18
 Lithium       9.35e-06 3.41e-01 5.11e-01 1.49e-01 Berylliu 1.28e-04 4.42e-03 6.42e-01 3.40e-01 1.29e-02 sec ion: 7.98e-19
 Boron         1.32e-05 2.42e-02 7.35e-02 8.32e-01 6.97e-02 8.98e-04
 Carbon        7.28e-06 1.32e-02 5.40e-01 2.64e-01 1.79e-01 4.14e-03 1.73e-05 H2O+/O   4.60e-32 OH+/Otot 3.54e-18 Hex(tot) 0.00e+00
 Nitrogen      1.70e-06 4.58e-03 4.37e-01 4.84e-01 5.66e-02 1.73e-02 1.29e-04 0.00e+00 O2/Ototl 5.55e-25 O2+/Otot 1.27e-25
 Oxygen        1.31e-06 2.99e-03 3.60e-01 5.52e-01 7.66e-02 7.62e-03 9.01e-04 2.49e-06 0.00e+00
 Fluorine      3.88e-07 2.89e-03 3.56e-01 4.85e-01 1.49e-01 7.14e-03 2.41e-04 2.41e-05 0.00e+00 0.00e+00
 Neon          2.24e-07 1.72e-03 3.22e-01 4.86e-01 1.77e-01 1.31e-02 2.66e-04 1.21e-05 0.00e+00 0.00e+00 0.00e+00
 Sodium        1.03e-08 1.28e-03 1.56e-01 5.28e-01 2.95e-01 1.97e-02 7.17e-04 8.06e-06 0.00e+00 0.00e+00 0.00e+00 0.00e+00
 Magnesium     1.32e-05 7.27e-04 1.49e-01 4.60e-01 3.37e-01 5.15e-02 2.30e-03 3.96e-05 0.00e+00 0.00e+00 0.00e+00 0.00e+00 0.00e+00
 Aluminium  0  5.71e-06 6.69e-03 8.70e-03 2.74e-01 5.14e-01 1.87e-01 9.07e-03 2.34e-04 4.01e-06 0.00e+00 0.00e+00 0.00e+00 0.00e+00
 Silicon    0  1.73e-06 6.47e-03 1.46e-01 1.31e-01 4.65e-01 2.17e-01 3.29e-02 1.15e-03 3.75e-06 0.00e+00 0.00e+00 0.00e+00 0.00e+00
 Phosphorus 0  3.86e-06 2.39e-02 2.01e-01 2.66e-01 1.50e-01 3.04e-01 5.30e-02 2.72e-03 3.72e-05 0.00e+00 0.00e+00 0.00e+00 0.00e+00
 Sulphur    0  3.17e-07 4.80e-03 2.71e-01 4.52e-01 9.95e-02 8.94e-02 7.60e-02 7.66e-03 1.05e-04 0.00e+00 0.00e+00 0.00e+00 0.00e+00
 Chlorine   0  3.75e-07 3.52e-03 2.16e-01 5.88e-01 1.34e-01 3.66e-02 1.40e-02 7.51e-03 3.28e-04 4.57e-06 0.00e+00 0.00e+00 0.00e+00
 Argon      0  9.24e-08 5.80e-04 2.02e-01 5.28e-01 2.28e-01 3.61e-02 3.12e-03 1.34e-03 3.53e-04 7.14e-06 0.00e+00 0.00e+00 0.00e+00
 Potassium  0  2.62e-08 6.83e-03 2.66e-01 4.02e-01 2.43e-01 7.70e-02 4.03e-03 5.55e-04 6.37e-05 2.03e-05 0.00e+00 0.00e+00 0.00e+00
 Calcium    0  4.23e-08 7.96e-04 1.85e-01 5.09e-01 2.20e-01 7.46e-02 9.78e-03 5.59e-04 2.33e-05 5.24e-06 0.00e+00 0.00e+00 0.00e+00
 Scandium   0  3.66e-10 1.28e-05 4.37e-03 6.35e-01 2.71e-01 7.85e-02 9.87e-03 1.30e-03 2.09e-05 1.40e-06 0.00e+00 0.00e+00 0.00e+00
 Titanium   0  3.93e-09 8.23e-05 1.65e-02 5.16e-01 3.72e-01 8.36e-02 1.01e-02 1.24e-03 5.22e-05 1.25e-06 0.00e+00 0.00e+00 0.00e+00
 Vanadium   0  1.10e-09 1.97e-05 8.85e-03 1.94e-01 4.90e-01 2.83e-01 2.18e-02 3.27e-03 1.11e-04 1.03e-05 0.00e+00 0.00e+00 0.00e+00
 Chromium   0  7.41e-10 1.40e-05 1.12e-02 2.32e-01 4.58e-01 2.42e-01 5.32e-02 3.88e-03 2.33e-04 1.19e-05 0.00e+00 0.00e+00 0.00e+00
 Manganese  0  2.96e-09 3.74e-05 1.23e-02 2.27e-01 4.80e-01 2.45e-01 3.49e-02 9.41e-04 1.26e-04 3.35e-06 0.00e+00 0.00e+00 0.00e+00
 Iron       0  7.44e-09 1.18e-05 5.55e-03 2.26e-01 4.09e-01 2.75e-01 7.84e-02 5.93e-03 6.46e-05 5.05e-06 0.00e+00 0.00e+00 0.00e+00
 Cobalt     0  2.11e-09 1.13e-05 4.12e-03 1.34e-01 4.47e-01 3.24e-01 7.96e-02 1.08e-02 4.01e-04 2.76e-05 0.00e+00 0.00e+00 0.00e+00
 Nickel     0  2.01e-09 1.76e-05 5.71e-03 1.39e-01 3.79e-01 3.69e-01 9.22e-02 1.44e-02 5.93e-04 3.57e-05 0.00e+00 0.00e+00 0.00e+00
 Copper     0  2.38e-09 1.24e-05 6.64e-03 1.54e-01 3.37e-01 3.58e-01 1.11e-01 3.13e-02 1.60e-03 8.68e-05 0.00e+00 0.00e+00 0.00e+00
 Zinc       0  5.98e-09 1.39e-05 3.57e-03 1.15e-01 3.41e-01 3.77e-01 1.22e-01 3.83e-02 2.04e-03 1.14e-04 1.66e-06 0.00e+00 0.00e+00
   model 4  
   Calculation stopped because H column dens reached. Iteration 2 of 2
   The geometry is plane-parallel.
 C-Continuum zero at some energies.
  !Some input lines contained underscores, these were changed to spaces.
  !Some input lines contained [ or ], these were changed to spaces.
  !AGE: Cloud age was not set.  Longest timescale was 2.07e+15 s = 6.55e+07 years.
  !The intensity of the incident radiation field is less than 10 times the Habing diffuse ISM field.  Is this OK?
  !   Consider adding diffuse ISM emission with TABLE ISM command.
  !Isotropic continuum subtraction significantly affects line intensities
   Thermal collisional ionization of H reached 1.49% of the local ionization rate.
   The density is too low to l-mix the lowest H  I collapsed level.  More resolved levels are needed for accurate line ratios.
   The density is too low to l-mix the lowest He I collapsed level.  More resolved levels are needed for accurate line ratios.
   Non-collisional excitation of [O III] 4363 reached 0.46% of the total.
   The largest continuum occupation number was 6.802e+03 at 3.045e-09 Ryd.
   Grains were not present but might survive in this environment (energy density temperature was 3.28e+00K)

                       *********************************> Cloudy 17.02 <**********************************
                       * title model 4                                                                   *
                       * set punch prefix "model_4"                                                      *
                       * distance = 300000000.0 parsecs linear                                           *
                       * print last                                                                      *
                       * CMB redshift 0.2000000                                                          *
                       * stop temperature = 10000K  linear                                               *
                       * hden -2.5000000                                                                 *
                       * metals -1                                                                       *
                       * stop proton column density 15.500000                                            *
                       * table HM96                                                                      *
                       * iterate                                                                         *
                       * Print column densities on                                                       *
                       * save last radius ".rad"                                                         *
                       * save last continuum ".cont"                                                     *
                       * save last physical conditions ".phy"                                            *
                       * save last overview ".ovr"                                                       *
                       * save last heating ".heat"                                                       *
                       * save last cooling ".cool"                                                       *
                       * save last optical depth ".opd"                                                  *
                       * save last element hydrogen ".ele_H"                                             *
                       * save last element oxygen ".ele_O"                                               *
                       * save last lines emissivity ".emis"                                              *
                       * H  1  4861.33A                                                                  *
                       * H  1  6562.81A                                                                  *
                       * O 6  1031.91A                                                                   *
                       * O  6 1037.62A                                                                   *
                       * end of lines                                                                    *
                       *********************************> Log(U): -2.11 <*********************************
                       >>>>>>>>>> Cautions are present.

                     Emission Line Spectrum.   Constant  Density Model.    Open geometry.  Iteration 2 of 2.
                                                     Intensity (erg/s/cm^2).


                                                   Intrinsic line intensities
general properties...................      Ca B      3750.15A  -13.665    0.0275      He 1      505.687A  -15.100    0.0010
Inci            0    -1.583 *********      Ca B      3734.36A  -13.771    0.0216      He 1      504.672A  -14.194    0.0081
TotH            0   -10.273   67.7188      Ca B      3721.93A  -13.868    0.0172      TOTL      1.08303m  -13.450    0.0451
TotC            0   -10.273   67.7156      Ca B      3711.97A  -13.959    0.0140      He 1      1.08303m  -13.450    0.0451
BFH1            0   -10.716   24.4225      Ca B      3703.85A  -14.043    0.0115      He 1      3888.63A  -13.691    0.0259
BFHe            0   -10.483   41.7523      Ca B      3697.15A  -14.123    0.0096      He 1      3187.74A  -14.071    0.0108
TotM            0   -11.982    1.3243      Ca B      3691.55A  -14.198    0.0081      He 1      2945.10A  -14.384    0.0052
ComC            0   -15.012    0.0012      Ca B      3686.83A  -14.268    0.0069      He 1      2829.08A  -14.640    0.0029
CT H            0   -13.660    0.0278      Ca B      3682.80A  -14.335    0.0059      He 1      5015.68A  -14.986    0.0013
H FB            0   -11.204    7.9522      Ca B      3679.35A  -14.398    0.0051      He 1      7065.22A  -14.345    0.0057
HFBc            0   -11.204    7.9522      Ca B      3676.36A  -14.459    0.0044      He 1      5875.64A  -13.788    0.0207
H  1c           0   -10.763   21.9501      Ca B      3673.75A  -14.516    0.0039      He 1      4713.03A  -14.975    0.0013
He 1c           0   -14.767    0.0022      Ca B      3671.47A  -14.571    0.0034      He 1      4471.49A  -14.177    0.0084
Al 3c           0   -14.290    0.0065      Ca B      1.87510m  -12.714    0.2457      He 1      4026.20A  -14.486    0.0042
Al 6c           0   -13.743    0.0230      Ca B      1.28180m  -13.003    0.1263      He 1      3819.61A  -14.739    0.0023
Ar 3c           0   -13.538    0.0368      Ca B      1.09380m  -13.248    0.0719      He 1      3704.76A  -14.726    0.0024
Ar 4c           0   -13.161    0.0877      Ca B      1.00493m  -13.454    0.0447      He 1      3634.08A  -14.897    0.0016
Ar 5c           0   -13.259    0.0700      Ca B      9545.93A  -13.632    0.0297      He 1      3587.16A  -15.047    0.0011
Ar 6c           0   -14.124    0.0096      Ca B      9228.97A  -13.788    0.0207      He 1      7281.35A  -14.991    0.0013
C  2c           0   -13.033    0.1178      Ca B      9014.87A  -13.927    0.0150      He 1      6678.15A  -14.346    0.0057
C  3c           0   -11.472    4.2889      Ca B      8862.74A  -14.053    0.0113      He 1      4921.93A  -14.755    0.0022
Ca 4c           0   -13.880    0.0168      Ca B      8750.43A  -14.167    0.0086      He 1      4387.93A  -15.064    0.0011
Fe 3c           0   -14.399    0.0051      Ca B      8664.98A  -14.272    0.0068      He 1      1.86854m  -14.761    0.0022
Fe 7c           0   -12.875    0.1696      Ca B      8598.35A  -14.369    0.0054      He 1      1.27849m  -15.085    0.0010
K  4c           0   -15.033    0.0012      Ca B      8545.34A  -14.460    0.0044      Ca B      2945.10A  -14.398    0.0051
N  5c           0   -13.026    0.1198      Ca B      8502.44A  -14.544    0.0036      Ca B      3187.74A  -14.084    0.0105
Ne 3c           0   -12.522    0.3817      Ca B      8467.21A  -14.623    0.0030      Ca B      3613.64A  -15.018    0.0012
O  2c           0   -13.383    0.0526      Ca B      8437.91A  -14.698    0.0025      Ca B      3888.63A  -13.699    0.0254
O  3c           0   -11.326    6.0010      Ca B      8413.28A  -14.768    0.0022      Ca B      3964.73A  -14.711    0.0025
O  5c           0   -12.861    0.1752      Ca B      8392.35A  -14.835    0.0019      Ca B      4026.20A  -14.470    0.0043
P  2c           0   -14.954    0.0014      Ca B      8374.43A  -14.899    0.0016      Ca B      4387.93A  -15.052    0.0011
P  4c           0   -14.714    0.0025      Ca B      8358.96A  -14.959    0.0014      Ca B      4471.49A  -14.160    0.0088
S  2c           0   -13.839    0.0184      Ca B      8345.51A  -15.017    0.0012      Ca B      4713.03A  -14.941    0.0015
S  3c           0   -12.288    0.6553      Ca B      8333.74A  -15.072    0.0011      Ca B      4921.93A  -14.735    0.0023
Si 2c           0   -13.581    0.0333      Ca B      4.05113m  -13.375    0.0536      Ca B      5015.68A  -14.321    0.0061
Si 3c           0   -12.148    0.9048      Ca B      2.62513m  -13.597    0.0321      Ca B      5875.64A  -13.753    0.0225
Si 4c           0   -12.469    0.4319      Ca B      2.16551m  -13.798    0.0202      Ca B      6678.15A  -14.304    0.0063
Si 7c           0   -13.998    0.0128      Ca B      1.94454m  -13.974    0.0135      Ca B      7065.22A  -14.318    0.0061
Al 2c           0   -14.244    0.0073      Ca B      1.81740m  -14.130    0.0094      Ca B      7281.35A  -14.848    0.0018
Al 5c           0   -14.307    0.0063      Ca B      1.73620m  -14.269    0.0068      Ca B      1.08303m  -13.419    0.0484
C  4c           0   -11.421    4.8181      Ca B      1.68064m  -14.394    0.0051      Ca B      1.27849m  -15.040    0.0012
Ca 2c           0   -14.673    0.0027      Ca B      1.64071m  -14.508    0.0039      Ca B      1.86854m  -14.690    0.0026
Ca 5c           0   -13.570    0.0342      Ca B      1.61092m  -14.613    0.0031      Ca B      2.05813m  -14.297    0.0064
Cl 3c           0   -14.419    0.0048      Ca B      1.58804m  -14.710    0.0025      C  5      41.4721A  -14.490    0.0041
Cl 4c           0   -13.937    0.0147      Ca B      1.57006m  -14.800    0.0020      Pho+      3889.00A  -12.908    0.1572
Fe 4c           0   -12.490    0.4114      Ca B      1.55563m  -14.884    0.0017      extra Lyman..........................
Fe 5c           0   -12.231    0.7461      Ca B      1.54388m  -14.963    0.0014      database lines.......................
Fe 6c           0   -12.215    0.7753      Ca B      1.53417m  -15.038    0.0012      Al 3      1854.72A  -14.470    0.0043
K  5c           0   -14.562    0.0035      Ca B      7.45777m  -13.892    0.0163      Al 3      1862.79A  -14.767    0.0022
K  6c           0   -15.022    0.0012      Ca B      4.65247m  -14.070    0.0108      Al 6      2428.39A  -14.701    0.0025
Mg 2c           0   -13.909    0.0157      Ca B      3.73951m  -14.241    0.0073      Al 6      3.65932m  -13.845    0.0181
Mg 4c           0   -13.421    0.0482      Ca B      3.29607m  -14.395    0.0051      Al 6      9.11329m  -14.892    0.0016
Mg 5c           0   -12.837    0.1850      Ca B      3.03835m  -14.533    0.0037      Ar 3      3109.18A  -14.881    0.0017
Mg 6c           0   -14.073    0.0107      Ca B      2.87219m  -14.658    0.0028      Ar 3      7135.79A  -13.782    0.0210
Mg 7c           0   -14.735    0.0023      Ca B      2.75749m  -14.772    0.0022      Ar 3      7751.11A  -14.407    0.0050
N  2c           0   -13.900    0.0160      Ca B      2.67438m  -14.876    0.0017      Ar 3      8.98898m  -14.225    0.0076
N  3c           0   -12.371    0.5405      Ca B      2.61191m  -14.973    0.0014      Ar 4      2853.66A  -14.058    0.0111
N  4c           0   -12.328    0.5969      Ca B      2.56361m  -15.063    0.0011      Ar 4      2868.22A  -14.408    0.0050
Na 4c           0   -13.894    0.0162      Ca B      12.3684m  -14.322    0.0061      Ar 4      4711.26A  -13.526    0.0379
Na 5c           0   -14.250    0.0072      Ca B      7.50038m  -14.468    0.0043      Ar 4      4740.12A  -13.649    0.0285
Na 6c           0   -14.976    0.0013      Ca B      5.90655m  -14.616    0.0031      Ar 4      7170.70A  -14.907    0.0016
Ne 4c           0   -12.135    0.9321      Ca B      5.12722m  -14.752    0.0023      Ar 4      7237.77A  -15.043    0.0012
Ne 5c           0   -12.219    0.7667      Ca B      4.67119m  -14.876    0.0017      Ar 4      7263.33A  -14.967    0.0014
Ne 6c           0   -13.656    0.0280      Ca B      4.37522m  -14.989    0.0013      Ar 5      827.366A  -14.194    0.0081
O  4c           0   -11.649    2.8531      Ca B      4.16962m  -15.094    0.0010      Ar 5      2691.05A  -14.963    0.0014
O  6c           0   -13.624    0.0302      Ca B      19.0565m  -14.691    0.0026      Ar 5      6435.12A  -14.302    0.0063
P  5c           0   -14.844    0.0018      Ca B      11.3055m  -14.813    0.0020      Ar 5      7005.83A  -13.971    0.0136
S  4c           0   -12.249    0.7161      Ca B      8.75760m  -14.942    0.0015      Ar 5      7.89971m  -13.844    0.0182
S  5c           0   -14.117    0.0097      Ca B      7.50599m  -15.064    0.0011      Ar 5      13.0985m  -13.656    0.0280
S  6c           0   -13.808    0.0198      Ca B      27.7955m  -15.014    0.0012      Ar 6      4.52800m  -14.130    0.0094
Si 6c           0   -13.577    0.0337      H  1      2431.34A  -10.846   18.1218      C  2      687.352A  -14.152    0.0090
continua.............................      H  1      1215.67A  -10.296   64.2887      C  2      858.559A  -14.664    0.0028
Bac       3646.00A  -11.109    9.8932      H  1      1025.72A  -11.947    1.4358      C  2      904.142A  -13.592    0.0325
nFnu      3645.00A  -10.810   19.6661      H  1      972.537A  -12.885    0.1658      C  2      904.480A  -13.692    0.0258
nFnu      3647.00A  -11.114    9.7729      H  1      949.743A  -13.351    0.0566      C  2      1037.02A  -13.595    0.0323
cout      3646.00A  -11.410    4.9466      H  1      913.339A  -14.808    0.0020      C  2      1335.66A  -13.604    0.0317
cref      3646.00A  -11.410    4.9466      H  1      913.215A  -12.813    0.1955      C  2      1335.71A  -14.087    0.0104
thin      3646.00A  -11.109    9.8932      H  1      6562.81A  -11.661    2.7762      C  2      2323.50A  -14.488    0.0041
Inci      4860.00A   -4.410 *********      H  1      4861.33A  -12.104    1.0000      C  2      2324.69A  -14.144    0.0091
Inci      1215.00A   -4.275 *********      H  1      4340.46A  -12.426    0.4762      C  2      2325.40A  -13.828    0.0189
Ba C            0   -11.542    3.6513      H  1      4101.73A  -12.713    0.2460      C  2      2326.93A  -13.706    0.0250
PA C            0   -11.994    1.2878      H  1      3970.07A  -12.925    0.1512      C  2      2328.12A  -14.091    0.0103
FIR       83.0000m   -3.232 *********      H  1      3889.05A  -13.108    0.0991      C  2      157.636m  -14.498    0.0040
TIR       1800.00m   -1.635 *********      H  1      3835.38A  -13.266    0.0688      C  3      1908.73A  -11.991    1.2970
NIRa      2.85000m   -4.451 *********      H  1      3797.89A  -13.405    0.0500      C  3      1906.68A  -11.816    1.9413
NIRb      3.00000m   -4.632 *********      H  1      3770.63A  -13.442    0.0459      C  3      977.020A  -12.042    1.1525
MIRa      15.0000m   -5.616 3079599.2      H  1      3750.15A  -13.556    0.0353      C  3      1175.59A  -14.579    0.0033
MIRb      22.5000m   -5.613 3098373.5      H  1      3734.36A  -13.662    0.0277      C  3      538.149A  -14.713    0.0025
NMIR      21.7500m   -4.451 *********      H  1      3721.93A  -13.759    0.0222      C  3      1176.37A  -14.359    0.0056
TFIR      611.250m   -1.981 *********      H  1      3711.97A  -13.848    0.0180      C  3      538.312A  -14.491    0.0041
TALL      10000.0A   -1.585 *********      H  1      3703.85A  -13.931    0.0149      C  3      2296.87A  -13.828    0.0189
F12       12.0000m   -6.391 516902.94      H  1      3697.15A  -14.008    0.0125      C  3      1247.38A  -14.888    0.0016
F25       25.0000m   -7.479 42205.598      H  1      3691.55A  -14.082    0.0105      C  3      690.521A  -15.057    0.0011
F60       60.0000m   -8.379 5305.8213      H  1      3686.83A  -14.149    0.0090      C  3      884.524A  -13.483    0.0418
F100      100.000m   -9.447  454.4730      H  1      3682.80A  -14.210    0.0078      C  3      878.464A  -15.088    0.0010
MIPS      24.0000m   -7.776 21298.619      H  1      3679.35A  -14.264    0.0069      C  3      1308.71A  -14.950    0.0014
MIPS      70.0000m   -9.126  951.7582      H  1      3676.36A  -14.310    0.0062      Ca 4      669.696A  -14.277    0.0067
MIPS      160.000m   -9.091 1029.5210      H  1      3673.75A  -14.339    0.0058      Ca 4      3.20610m  -13.887    0.0165
IRAC      3.60000m   -5.659 2785343.8      H  1      3671.47A  -14.325    0.0060      Fe 3      4658.01A  -14.938    0.0015
IRAC      4.50000m   -5.711 2471763.0      H  1      3669.46A  -13.600    0.0319      Fe 3      5270.40A  -15.101    0.0010
IRAC      5.80000m   -5.893 1624124.0      H  1      1.87510m  -12.692    0.2582      Fe 7      9.50763m  -13.534    0.0372
IRAC      8.00000m   -6.135 930590.25      H  1      1.28180m  -12.971    0.1358      Fe 7      5720.71A  -13.823    0.0191
SPR1      250.000m   -5.398 5082479.0      H  1      1.09380m  -13.238    0.0734      Fe 7      4988.55A  -14.014    0.0123
SPR2      350.000m   -3.905 *********      H  1      1.00493m  -13.444    0.0457      Fe 7      4893.37A  -14.272    0.0068
SPR3      500.000m   -2.846 *********      H  1      9545.93A  -13.622    0.0303      Fe 7      7.81037m  -14.062    0.0110
PAC1      70.0000m   -9.066 1092.7950      H  1      9228.97A  -13.778    0.0212      Fe 7      6086.97A  -13.648    0.0286
PAC2      100.000m   -9.459  441.4060      H  1      9014.87A  -13.916    0.0154      Fe 7      5158.89A  -14.139    0.0092
PAC3      160.000m   -7.945 14411.845      H  1      8862.74A  -13.957    0.0140      Fe 7      4942.48A  -14.564    0.0035
PAH       3.30000m   -6.493 408820.84      H  1      8750.43A  -14.071    0.0108      Fe 7      3586.32A  -13.944    0.0144
PAHC      3.23000m   -6.777 212421.44      H  1      8664.98A  -14.177    0.0085      Fe 7      5276.38A  -14.729    0.0024
PAHC      3.37000m   -6.810 196817.47      H  1      8598.35A  -14.273    0.0068      Fe 7      3758.92A  -13.791    0.0206
PAH       6.20000m   -6.492 409138.66      H  1      8545.34A  -14.362    0.0055      Fe 7      3.38363m  -15.016    0.0012
PAHC      5.65000m   -6.344 574950.75      H  1      8502.44A  -14.445    0.0046      Fe 7      2.62872m  -14.884    0.0017
PAH       7.90000m   -6.623 302908.81      H  1      8467.21A  -14.522    0.0038      K  4      5.98030m  -15.034    0.0012
PAHC      6.90000m   -6.386 522684.16      H  1      8437.91A  -14.596    0.0032      N  5      1238.82A  -13.204    0.0795
PAH       11.3000m   -7.648 28589.211      H  1      8413.28A  -14.662    0.0028      N  5      1242.80A  -13.498    0.0403
PAHC      10.9000m   -7.585 33025.930      H  1      8392.35A  -14.723    0.0024      Ne 3      15.5509m  -13.373    0.0538
PAH       11.8000m   -7.501 40073.984      H  1      8374.43A  -14.778    0.0021      Ne 3      3868.76A  -12.725    0.2395
PAHC      12.6500m   -7.600 31905.463      H  1      8358.96A  -14.823    0.0019      Ne 3      36.0036m  -14.423    0.0048
PAH       13.3000m   -7.629 29854.400      H  1      8345.51A  -14.852    0.0018      Ne 3      3967.47A  -13.243    0.0727
PAHC      14.1000m   -7.731 23626.350      H  1      8333.74A  -14.839    0.0018      Ne 3      1814.56A  -14.185    0.0083
Bcon      3640.00A   -4.069 *********      H  1      8323.38A  -14.114    0.0098      Ne 3      491.045A  -13.377    0.0534
Pcon      5000.00A   -4.530 *********      H  1      4.05113m  -13.371    0.0541      Ne 3      489.645A  -13.852    0.0179
O3bn      5007.00A   -6.044 1148385.9      H  1      2.62513m  -13.600    0.0320      Ne 3      313.688A  -14.027    0.0119
SX        25.0000A   -5.066 *********      H  1      2.16551m  -13.798    0.0203      Ne 3      490.311A  -13.730    0.0237
HX        4.70000A   -5.726 2387582.2      H  1      1.94454m  -13.972    0.0135      Ne 3      313.961A  -14.507    0.0040
HFFc            0   -11.363    5.5138      H  1      1.81740m  -14.127    0.0095      Ne 3      3342.18A  -14.667    0.0027
H FF            0   -11.481    4.1978      H  1      1.73620m  -14.264    0.0069      O  2      834.465A  -14.931    0.0015
HeFF            0   -11.986    1.3125      H  1      1.68064m  -14.327    0.0060      O  2      2470.34A  -15.000    0.0013
MeFB            0   -13.957    0.0140      H  1      1.64071m  -14.440    0.0046      O  2      3728.81A  -13.665    0.0275
MeFF            0   -14.570    0.0034      H  1      1.61092m  -14.545    0.0036      O  2      3726.03A  -13.835    0.0186
ToFF            0   -11.363    5.5137      H  1      1.58804m  -14.641    0.0029      O  3      88.3323m  -12.607    0.3140
nInu      23.5131c   -7.587 32915.402      H  1      1.57006m  -14.730    0.0024      O  3      51.8004m  -12.810    0.1969
nInu      20.4636c   -7.405 50023.102      H  1      1.55563m  -14.813    0.0020      O  3      4958.91A  -12.037    1.1667
nFnu      6.61064c  -14.521    0.0038      H  1      1.54388m  -14.890    0.0016      O  3      5006.84A  -11.562    3.4808
nInu      6.61064c   -5.943 1450129.6      H  1      1.53417m  -14.963    0.0014      O  3      2320.95A  -13.564    0.0347
nFnu      6.13700c  -14.430    0.0047      H  1      1.52604m  -15.030    0.0012      O  3      4363.21A  -12.964    0.1380
nInu      6.13700c   -5.848 1802304.6      H  1      1.51917m  -15.091    0.0010      O  3      1660.81A  -12.989    0.1302
nFnu      3.55415c  -13.746    0.0228      H  1      1.49672m  -14.481    0.0042      O  3      1666.15A  -12.523    0.3814
nInu      3.55415c   -5.148 9046678.0      H  1      7.45777m  -13.909    0.0157      O  3      835.289A  -13.920    0.0153
nFnu      3.43208c  -13.704    0.0251      H  1      4.65247m  -14.080    0.0106      O  3      833.749A  -14.059    0.0111
nInu      3.43208c   -5.105 9976624.0      H  1      3.73951m  -14.248    0.0072      O  3      835.092A  -14.565    0.0035
nFnu      3.40000c  -13.691    0.0259      H  1      3.29607m  -14.399    0.0051      O  3      833.715A  -12.310    0.6223
nInu      3.40000c   -5.092 *********      H  1      3.03835m  -14.535    0.0037      O  3      835.059A  -13.515    0.0389
nFnu      2.00329c  -13.026    0.1198      H  1      2.87219m  -14.616    0.0031      O  3      702.896A  -12.487    0.4141
nInu      2.00329c   -4.422 *********      H  1      2.75749m  -14.728    0.0024      O  3      703.851A  -12.278    0.6696
nFnu      1.33478c  -12.522    0.3818      H  1      2.67438m  -14.833    0.0019      O  3      507.680A  -12.435    0.4668
nInu      1.33478c   -3.917 *********      H  1      2.61191m  -14.928    0.0015      O  3      508.178A  -12.213    0.7783
nFnu      9993.08m  -12.171    0.8580      H  1      2.56361m  -15.017    0.0012      O  5      1218.34A  -13.278    0.0671
nInu      9993.08m   -3.565 *********      H  1      2.52538m  -15.100    0.0010      O  5      1213.81A  -13.107    0.0993
nFnu      6917.22m  -11.739    2.3158      H  1      2.37371m  -14.767    0.0022      O  5      629.732A  -14.086    0.0104
nInu      6917.22m   -3.134 *********      H  1      12.3684m  -14.343    0.0058      O  5      286.448A  -15.040    0.0012
nFnu      122.400m  -13.361    0.0554      H  1      7.50038m  -14.484    0.0042      P  4      950.657A  -14.800    0.0020
nInu      122.400m   -9.298  639.8622      H  1      5.90655m  -14.628    0.0030      S  2      6730.82A  -14.325    0.0060
nFnu      60.8322m  -13.113    0.0979      H  1      5.12722m  -14.761    0.0022      S  2      6716.44A  -14.175    0.0085
nInu      60.8322m   -8.392 5156.1392      H  1      4.67119m  -14.854    0.0018      S  2      4068.60A  -15.040    0.0012
nFnu      41.2152m  -12.973    0.1353      H  1      4.37522m  -14.965    0.0014      S  3      33.4704m  -13.137    0.0927
nInu      41.2152m   -7.884 16610.928      H  1      4.16962m  -15.070    0.0011      S  3      18.7078m  -13.285    0.0659
nFnu      30.8695m  -12.870    0.1715      H  1      3.48198m  -15.001    0.0013      S  3      9068.62A  -13.091    0.1030
nInu      30.8695m   -7.506 39645.051      H  1      19.0565m  -14.716    0.0024      S  3      9530.62A  -12.691    0.2588
nFnu      24.7829m  -12.792    0.2052      H  1      11.3055m  -14.833    0.0019      S  3      3721.63A  -13.948    0.0143
nInu      24.7829m   -7.219 76699.438      H  1      8.75760m  -14.959    0.0014      S  3      6312.06A  -13.675    0.0269
nFnu      24.2998m  -12.785    0.2086      H  1      7.50599m  -15.059    0.0011      S  3      1713.11A  -14.033    0.0118
nInu      24.2998m   -7.193 81441.734      H  1      27.7955m  -15.041    0.0012      S  3      1728.94A  -13.582    0.0333
nFnu      22.8302m  -12.763    0.2192      Ca A      303.784A  -10.478   42.2412      S  3      1194.45A  -13.921    0.0152
nInu      22.8302m   -7.115 97501.547      Ca A      256.317A  -11.158    8.8257      S  3      1194.06A  -14.170    0.0086
nFnu      21.4199m  -12.741    0.2307      Ca A      243.027A  -11.578    3.3552      S  3      1201.73A  -14.761    0.0022
nInu      21.4199m   -7.033 117901.27      Ca A      237.331A  -11.884    1.6589      S  3      1200.97A  -14.165    0.0087
nFnu      21.1235m  -12.735    0.2338      Ca A      234.347A  -12.126    0.9499      S  3      1015.57A  -14.248    0.0072
nInu      21.1235m   -7.011 123945.52      Ca A      232.584A  -12.328    0.5978      S  3      1021.11A  -14.045    0.0115
nFnu      19.6199m  -12.709    0.2485      Ca A      231.454A  -12.500    0.4019      S  3      1021.32A  -14.679    0.0027
nInu      19.6199m   -6.915 154441.94      Ca A      230.686A  -12.651    0.2837      S  3      1077.16A  -14.540    0.0037
nFnu      17.6534m  -12.672    0.2706      Ca A      230.139A  -12.786    0.2081      S  3      822.565A  -15.066    0.0011
nInu      17.6534m   -6.781 210562.92      Ca A      229.736A  -12.908    0.1572      Si 2      34.8046m  -14.604    0.0032
nFnu      17.3700m  -12.666    0.2743      Ca A      229.431A  -13.019    0.1217      Si 2      2334.41A  -15.090    0.0010
nInu      17.3700m   -6.759 221357.52      Ca A      229.194A  -13.121    0.0963      Si 2      1808.01A  -14.554    0.0035
nFnu      15.6901m  -12.630    0.2980      Ca A      229.006A  -13.215    0.0775      Si 2      2350.17A  -14.966    0.0014
